8454198
8585274
8650811
8847417
983045
720899
3080197
19398657
16842748
8781877
983041
983045
3342342
3342339
3080197
19660801
16842748
8781877
983041
983045
3342342
3342339
3080197
19660801
16842748
8454198
8519740
8650805
655361
983045
786436
3080197
19398657
16842748
8454197
8519735
2162689
1507330
17825793
16842748
8716341
8519733
8781883
8847413
983047
3473413
20643841
16842748
8650805
786436
8454198
8519735
25165824
0
5
2
0
-1
0
1
-2
